День	Чтение	Фотошоп	Английский	Японский	Программирование	Видеомейкерство	Рисование	Каллиграфия	Пост в Телеграм-канал	Статья на CR	Просмотр онлайн-лекции про видеомейкерство	Просмотр онлайн-лекции по QA	Обучение слепой печати	Настроение	
0	0	60	45	25	60	50	25	0	0	0	0	0	0		
2	0	30	45	75	60	20	60	0	0	0	0	0	0		
3	0	60	40	30	180	0	80	0	0	0	0	0	0		
4	0	60	20	30	60	0	30	0	0	0	0	0	0		0	
5	0	60	20	30	90	0	60	0	0	0	0	0	0		
6	0	10	30	30	120	0	60	0	0	0	0	0	0		
7	0	0	0	30	60	0	30	0	0	0	0	0	0		
8	0	0	30	30	90	0	0	0	0	0	0	0	0		
9	0	30	30	30	40	0	30	0	0	0	0	0	0		
10	0	20	30	30	120	0	30	0	0	0	0	0	0		
0	30	30	30	30	90	0	30	0	0	0	0	0	0		
0	30	30	30	30	60	0	45	0	0	0	0	0	0		
0	20	30	30	30	100	0	40	0	0	0	0	0	0		
0	20	90	30	30	120	0	40	0	0	0	0	0	0		
0	0	0	0	0	0	0	0	0	0	0	0	0	0		
0	0	0	0	0	0	0	0	0	0	0	0	0	0		
0	0	0	0	0	0	0	0	0	0	0	0	0	0		
0	30	30	30	30	120	0	30	25	0	0	0	0	0	Воодушевлённое.	
0	20	30	30	30	120	0	40	0	0	0	0	0	0	неопределённое.	
1	20	40	30	30	120	0	40	0	0	0	0	0	0	подавленное.	
2	20	45	30	30	35	0	35	0	0	0	0	0	0	воодушевлённое.	
3	20	30	35	30	60	0	30	0	60	0	0	0	0	нейтральное.	
4	30	30	30	30	90	0	50	0	10	0	0	0	0	болезненное.	
5	20	30	30	30	40	0	30	0	180	0	0	0	0	переменчивое.	
6	120	30	30	35	55	0	30	40	10	0	0	0	0	депрессивное	
7	100	35	30	30	30	60	30	0	120	0	0	0	0	понурое	
8	100	30	30	30	60	60	30	0	10	0	0	0	0	нейтральное	
9	40	0	30	30	40	0	30	0	30	0	0	0	0	депрессивное	
10	45	30	30	30	80	90	30	0	0	0	0	0	0	грустное	
11	45	30	30	30	180	90	40	0	15	0	0	0	0	иссиня-весёлое	
12	20	30	30	30	50	60	30	0	120	0	0	0	0	понурое	
13	35	80	30	30	35	40	30	0	15	0	0	0	0	нейтральное	
14	40	60	30	30	40	100	30	0	60	0	0	0	0	раздражённое	
15	45	120	30	35	40	120	35	15	30	0	0	0	0	спокойное	
16	20	30	30	30	30	90	30	0	15	0	0	0	0	спокойное	
17	30	30	30	30	30	0	30	0	120	0	0	0	0	тревожное	
18	20	30	30	30	60	60	30	0	15	90	60	0	0	подорванное	
19	30	30	35	30	40	120	30	0	180	0	60	60	0	воодушевлённое	
20	20	30	30	30	60	60	30	0	15	90	15	0	0	спокойное	
21	20	30	30	30	30	120	30	0	60	0	0	0	0	воодушевлённое	
22	20	30	30	30	35	90	30	0	5	0	0	120	0	реалистичное	
23	20	60	30	30	40	0	30	0	60	0	0	0	0	спокойное	
24	20	30	30	30	30	60	35	15	0	0	0	0	0	беспокойное	
25	20	30	30	30	30	0	50	0	0	60	0	90	0	спокойное	
26	20	30	35	30	30	0	50	0	0	0	0	120	0	беспокойное	
27	20	30	30	30	30	45	40	0	0	0	0	0	0	беспокойное	
28	20	30	30	30	30	0	30	0	120	0	0	0	0	печальное	
29	20	30	30	35	30	0	35	0	0	0	0	180	0	отчаянное	
30	20	30	30	30	30	0	35	0	0	0	0	180	0	торопливое	
31	20	30	30	30	30	0	30	20	120	0	0	0	0	отчаянное	
32	20	120	30	30	30	0	30	0	15	0	0	0	0	спокойное	
33	20	50	30	30	30	0	30	0	0	0	0	90	0	тревожное	
34	20	60	30	30	30	0	30	0	15	0	0	0	0	неизвестное	
35	20	30	30	30	40	0	30	0	20	0	0	0	0	весёлое	
36	20	30	35	30	30	0	60	0	15	0	0	120	0	задумчивое	
37	20	30	30	30	30	0	30	0	0	0	0	0	0	антивоенное	
38	25	30	30	30	30	0	30	0	240	0	0	0	0	антивоенное	
39	20	30	30	30	30	30	30	0	5	0	0	0	20	легкомысленное	
40	20	30	30	30	40	0	30	0	120	0	0	0	30	немного заниженное	
41	20	30	30	30	70	0	45	0	15	0	0	240	30	заниженное, как таз	
42	20	30	50	30	45	0	30	0	120	0	0	0	30	депрессивное	
43	20	30	30	30	30	0	45	0	0	30	0	0	30	непозитивное	
44	20	30	30	30	40	0	30	0	30	0	0	0	30	бесмотивационное	
45	20	30	40	30	40	0	30	15	90	0	0	0	30	депрессивное	
46	20	30	30	30	30	0	30	0	25	60	0	0	30	a little bit negative	
47	20	60	30	30	80	0	30	0	180	0	0	0	30	позитивное	
48	20	30	30	30	60	0	35	0	0	0	0	0	30	позитивное	
49	20	30	30	30	30	0	30	0	0	0	0	0	30	непонятное	
50	20	30	30	30	35	0	30	0	60	30	0	0	30	депрессивное	
51	20	30	30	30	30	0	40	0	60	0	0	0	30	депрессивное	
52	20	30	30	30	30	0	30	0	30	0	0	0	0	непонятое	
53	20	30	30	30	30	0	30	0	30	30	0	0	60	непонятое	
54	20	60	30	30	30	0	40	0	120	0	0	0	30	позитивное	
55	20	30	30	30	30	0	30	0	0	0	0	0	15	непонятное	
56	20	30	30	30	60	0	40	0	90	0	0	0	30	негативное	
57	20	30	30	30	40	0	30	0	30	0	0	0	30	негативное	
58	20	30	30	35	40	0	35	0	30	0	0	0	15	непонятное	
59	20	30	30	30	30	0	30	0	0	0	0	0	30	непонятное	
60	20	30	30	30	30	0	40	0	0	0	0	0	0	весёлое	
61	20	30	30	30	30	0	30	0	120	0	0	0	15	невесёлое	
62	20	30	30	30	50	0	40	0	15	0	0	0	0	невесёлое	
63	20	30	30	30	30	0	35	0	90	0	0	0	0	депрессивное	
64	20	40	45	30	70	0	40	0	10	0	0	0	15	невеселое	
65	20	50	30	30	50	0	35	0	90	0	0	0	15	такое себе	
66	20	30	30	30	120	0	60	0	90	0	0	0	10	немного грустное	
